planned,completed,incomplete,urgent_n,normal_n,urgent_service_failure,normal_service_failure,deadline_met,urgent_p95_ms,normal_mean_ms,normal_p95_ms,energy_j,energy_full_work_eligible,peak_ap_c,partial_peak_ap_35_120_c,thermal_degree_seconds,ap_safety_limit_c,ap_safety_limit_exceed_s,last_lane_s,overlap_s,cpu_occupied_s,gpu_occupied_s,classification_gpu,mean_completed_queue_wait_ms,unfinished_wait_to_horizon_s,decision_calls,gate_blocked_calls,band_yield_calls,ema_updates,decision_host_total_s,decision_host_max_ms,seed,family,context,policy,identity,host_wall_s,discretionary_decisions,cool_wait_choices,projection_calls,planning_calls,nonbase_plans,mean_screen_plan_evaluations,full_three_context_plans,prefix_checks,prefix_blocked_calls
24,24,0,6,18,0,0,24,156.179931,619.471443,619.471443,142.12345650915358,True,30.18800759439081,30.18800759439081,13.047178460003142,,,62.987790889,0,12.182561766000013,0,0,0.0,0,24,0,0,24,0.00036659995384979993,0.02469999890308827,813010101,low,mean,BAND_HEFT_WHOLE_REQUEST_ADAPT_V1,development/0/BAND_HEFT_WHOLE_REQUEST_ADAPT_V1,0.020513700001174584,0,0,0,,,,,,
24,24,0,6,18,0,0,24,294.054635,619.471443,619.471443,142.40900755178922,True,30.243446736653553,30.243446736653553,14.868239583608716,,,62.987790889,0,11.191264109999999,1.8289768500000037,6,0.0,0,24,0,0,0,0.000627200017333962,0.08779999916441739,813010101,low,mean,TRITON_RATE_OFF_FIXED_REQUEST_ADAPT_V1,development/0/TRITON_RATE_OFF_FIXED_REQUEST_ADAPT_V1,0.020791000002645887,0,0,0,,,,,,
24,24,0,6,18,0,0,24,156.179931,619.471443,619.471443,142.12345650915358,True,30.18800759439081,30.18800759439081,13.047178460003142,,,62.987790889,0,12.182561766000013,0,0,0.0,0,24,0,0,0,0.054494799973326735,3.2051000016508624,813010101,low,mean,IE_ROLLING_JOINT_THERMAL_PLAN4_NOWAIT_V1,development/0/IE_ROLLING_JOINT_THERMAL_PLAN4_NOWAIT_V1,0.11884250000002794,,,192,24,0,30,30,,
24,24,0,6,18,0,0,24,156.179931,702.8047763333334,869.471443,142.12345650915358,True,30.164617353228188,30.164617353228188,13.04473519135928,,,63.237790889,0,12.182561766000013,0,0,62.5,0,30,0,0,0,0.04761770003824495,2.4446000024909154,813010101,low,mean,IE_ROLLING_JOINT_THERMAL_PLAN4_WAIT025_V1,development/0/IE_ROLLING_JOINT_THERMAL_PLAN4_WAIT025_V1,0.08939229999668896,,,306,30,6,54,54,,
24,24,0,6,18,0,0,24,156.179931,702.8047763333334,869.471443,142.12345650915358,True,30.164617353228188,30.164617353228188,13.04473519135928,,,63.237790889,0,12.182561766000013,0,0,62.5,0,30,0,0,0,0.09880620002513751,5.691099999239668,813010101,low,mean,IE_ROLLING_JOINT_ACTUAL_PREFIX_GUARD_WAIT025_V2,development/0/IE_ROLLING_JOINT_ACTUAL_PREFIX_GUARD_WAIT025_V2,0.16857159999199212,,,,,,,,6,0
24,24,0,6,18,0,0,24,156.179931,618.790912,618.790912,142.11417682321965,True,30.187101628955418,30.187101628955418,13.01566421249402,,,62.987067759,0,12.169545425999999,0,0,0.0,0,24,0,0,24,0.0010341000452172011,0.06679999933112413,813010101,low,short_context,BAND_HEFT_WHOLE_REQUEST_ADAPT_V1,development/1/BAND_HEFT_WHOLE_REQUEST_ADAPT_V1,0.032512299992959015,0,0,0,,,,,,
24,24,0,6,18,0,0,24,286.608481,618.790912,618.790912,142.37781429713021,True,30.240997097949975,30.240997097949975,14.786383863237177,,,62.987067759,0,11.178247769999984,1.7826366240000056,6,0.0,0,24,0,0,0,0.0006889999349368736,0.043099993490614,813010101,low,short_context,TRITON_RATE_OFF_FIXED_REQUEST_ADAPT_V1,development/1/TRITON_RATE_OFF_FIXED_REQUEST_ADAPT_V1,0.02946930000325665,0,0,0,,,,,,
24,24,0,6,18,0,0,24,156.179931,618.790912,618.790912,142.11417682321965,True,30.187101628955418,30.187101628955418,13.01566421249402,,,62.987067759,0,12.169545425999999,0,0,0.0,0,24,0,0,0,0.050928700002259575,3.569900000002235,813010101,low,short_context,IE_ROLLING_JOINT_THERMAL_PLAN4_NOWAIT_V1,development/1/IE_ROLLING_JOINT_THERMAL_PLAN4_NOWAIT_V1,0.11491869999736082,,,192,24,0,30,30,,
24,24,0,6,18,0,0,24,156.179931,702.1242453333334,868.790912,142.11417682321965,True,30.163747650528073,30.163747650528073,13.013541896505693,,,63.237067759,0,12.169545425999999,0,0,62.5,0,30,0,0,0,0.057653600015328266,2.7508000057423487,813010101,low,short_context,IE_ROLLING_JOINT_THERMAL_PLAN4_WAIT025_V1,development/1/IE_ROLLING_JOINT_THERMAL_PLAN4_WAIT025_V1,0.10334219998912886,,,306,30,6,54,54,,
24,24,0,6,18,0,0,24,156.179931,702.1242453333334,868.790912,142.11417682321965,True,30.163747650528073,30.163747650528073,13.013541896505693,,,63.237067759,0,12.169545425999999,0,0,62.5,0,30,0,0,0,0.1058873999863863,8.379200007766485,813010101,low,short_context,IE_ROLLING_JOINT_ACTUAL_PREFIX_GUARD_WAIT025_V2,development/1/IE_ROLLING_JOINT_ACTUAL_PREFIX_GUARD_WAIT025_V2,0.18646799999987707,,,,,,,,6,0
24,24,0,6,18,0,0,24,156.179931,620.151684,620.151684,142.13224235559284,True,30.188865374557324,30.188865374557324,13.077016570177914,,,62.988475536,0,12.194885412000012,0,0,0.0,0,24,0,0,24,0.001040300034219399,0.06429999484680593,813010101,low,long_context,BAND_HEFT_WHOLE_REQUEST_ADAPT_V1,development/2/BAND_HEFT_WHOLE_REQUEST_ADAPT_V1,0.0416484000015771,0,0,0,,,,,,
24,24,0,6,18,0,0,24,301.500789,620.151684,620.151684,142.4397069669535,True,30.245848737809528,30.245848737809528,14.948426813158399,,,62.988475536,0,11.203587755999997,1.875317076000016,6,0.0,0,24,0,0,0,0.0007748999778414145,0.06320000102277845,813010101,low,long_context,TRITON_RATE_OFF_FIXED_REQUEST_ADAPT_V1,development/2/TRITON_RATE_OFF_FIXED_REQUEST_ADAPT_V1,0.03835459999390878,0,0,0,,,,,,
24,24,0,6,18,0,0,24,156.179931,620.151684,620.151684,142.13224235559284,True,30.188865374557324,30.188865374557324,13.077016570177914,,,62.988475536,0,12.194885412000012,0,0,0.0,0,24,0,0,0,0.04568580001068767,3.651099992566742,813010101,low,long_context,IE_ROLLING_JOINT_THERMAL_PLAN4_NOWAIT_V1,development/2/IE_ROLLING_JOINT_THERMAL_PLAN4_NOWAIT_V1,0.09919759999320377,,,192,24,0,30,30,,
24,24,0,6,18,0,0,24,156.179931,703.4850173333334,870.151684,142.13224235559284,True,30.165440799352936,30.165440799352936,13.074269419276312,,,63.238475536,0,12.194885412000012,0,0,62.5,0,30,0,0,0,0.057009599957382306,3.460899999481626,813010101,low,long_context,IE_ROLLING_JOINT_THERMAL_PLAN4_WAIT025_V1,development/2/IE_ROLLING_JOINT_THERMAL_PLAN4_WAIT025_V1,0.10090970000601374,,,306,30,6,54,54,,
24,24,0,6,18,0,0,24,156.179931,703.4850173333334,870.151684,142.13224235559284,True,30.165440799352936,30.165440799352936,13.074269419276312,,,63.238475536,0,12.194885412000012,0,0,62.5,0,30,0,0,0,0.07243629997537937,5.24339999537915,813010101,low,long_context,IE_ROLLING_JOINT_ACTUAL_PREFIX_GUARD_WAIT025_V2,development/2/IE_ROLLING_JOINT_ACTUAL_PREFIX_GUARD_WAIT025_V2,0.13542049999523442,,,,,,,,6,0
24,24,0,6,18,0,3,21,486.049539,3832.6785061111113,7169.944139,141.86397540791523,True,30.47962420139825,30.47962420139825,16.23824450318397,,,46.191264107,1.8289768510000002,11.191264107000002,1.8289768510000002,6,2421.9497545,0,160,0,87,24,0.0052771000628126785,0.1306999911321327,813010101,queue,mean,BAND_HEFT_WHOLE_REQUEST_ADAPT_V1,development/3/BAND_HEFT_WHOLE_REQUEST_ADAPT_V1,0.03503929999715183,0,0,0,,,,,,
24,24,0,6,18,0,3,21,486.049539,3832.6785061111113,7169.944139,141.86397540791523,True,30.47962420139825,30.47962420139825,16.23824450318397,,,46.191264107,1.8289768510000002,11.191264107000002,1.8289768510000002,6,2421.9497545,0,160,0,0,0,0.0033057000255212188,0.09949998639058322,813010101,queue,mean,TRITON_RATE_OFF_FIXED_REQUEST_ADAPT_V1,development/3/TRITON_RATE_OFF_FIXED_REQUEST_ADAPT_V1,0.049491600002511404,0,0,0,,,,,,
24,24,0,6,18,0,3,21,486.049539,3832.6785061111113,7169.944139,141.86397540791523,True,30.47962420139825,30.47962420139825,16.23824450318397,,,46.191264107,1.8289768510000002,11.191264107000002,1.8289768510000002,6,2421.9497545,0,160,0,87,0,0.42721199996594805,61.20919999375474,813010101,queue,mean,IE_ROLLING_JOINT_THERMAL_PLAN4_NOWAIT_V1,development/3/IE_ROLLING_JOINT_THERMAL_PLAN4_NOWAIT_V1,0.48688989999936894,,,264,24,0,66,42,,
24,24,0,6,18,0,3,21,486.049539,3846.567395,7419.944139,141.86397540791523,True,30.459618830153747,30.459618830153747,16.22539537194263,,,46.441264107,1.8289768510000002,11.191264107000002,1.8289768510000002,6,2432.3664211666664,0,161,0,86,0,0.722509700091905,96.8360999977449,813010101,queue,mean,IE_ROLLING_JOINT_THERMAL_PLAN4_WAIT025_V1,development/3/IE_ROLLING_JOINT_THERMAL_PLAN4_WAIT025_V1,0.7873073000082513,,,603,25,9,273,85,,
24,24,0,6,18,0,3,21,486.049539,3846.567395,7419.944139,141.86397540791523,True,30.459618830153747,30.459618830153747,16.22539537194263,,,46.441264107,1.8289768510000002,11.191264107000002,1.8289768510000002,6,2432.3664211666664,0,161,0,86,0,0.8049529000272742,106.94549999607261,813010101,queue,mean,IE_ROLLING_JOINT_ACTUAL_PREFIX_GUARD_WAIT025_V2,development/3/IE_ROLLING_JOINT_ACTUAL_PREFIX_GUARD_WAIT025_V2,0.873180800001137,,,,,,,,9,0
24,24,0,6,18,0,3,21,463.156643,3825.851367111111,7156.970392,141.84659146205846,True,30.47581864333128,30.47581864333128,16.098659126763376,,,46.178247762,1.782636624999995,11.178247761999998,1.782636624999995,6,2416.374377458333,0,160,0,87,24,0.006303599977400154,0.13349999790079892,813010101,queue,short_context,BAND_HEFT_WHOLE_REQUEST_ADAPT_V1,development/4/BAND_HEFT_WHOLE_REQUEST_ADAPT_V1,0.039269200002308935,0,0,0,,,,,,
24,24,0,6,18,0,3,21,463.156643,3825.851367111111,7156.970392,141.84659146205846,True,30.47581864333128,30.47581864333128,16.098659126763376,,,46.178247762,1.782636624999995,11.178247761999998,1.782636624999995,6,2416.374377458333,0,160,0,0,0,0.002849599812179804,0.08199999865610152,813010101,queue,short_context,TRITON_RATE_OFF_FIXED_REQUEST_ADAPT_V1,development/4/TRITON_RATE_OFF_FIXED_REQUEST_ADAPT_V1,0.04050449999340344,0,0,0,,,,,,
24,24,0,6,18,0,3,21,463.156643,3825.851367111111,7156.970392,141.84659146205846,True,30.47581864333128,30.47581864333128,16.098659126763376,,,46.178247762,1.782636624999995,11.178247761999998,1.782636624999995,6,2416.374377458333,0,160,0,87,0,0.3739637999678962,64.12640000053216,813010101,queue,short_context,IE_ROLLING_JOINT_THERMAL_PLAN4_NOWAIT_V1,development/4/IE_ROLLING_JOINT_THERMAL_PLAN4_NOWAIT_V1,0.41272700000263285,,,264,24,0,66,42,,
24,24,0,6,18,0,3,21,463.156643,3839.740256,7406.970392,141.84659146205846,True,30.454418463591427,30.454418463591427,16.08574689327151,,,46.428247762,1.782636624999995,11.178247761999998,1.782636624999995,6,2426.791044125,0,161,0,86,0,0.7319277000933653,85.35700000356883,813010101,queue,short_context,IE_ROLLING_JOINT_THERMAL_PLAN4_WAIT025_V1,development/4/IE_ROLLING_JOINT_THERMAL_PLAN4_WAIT025_V1,0.7952503000124125,,,603,25,9,273,85,,
24,24,0,6,18,0,3,21,463.156643,3839.740256,7406.970392,141.84659146205846,True,30.454418463591427,30.454418463591427,16.08574689327151,,,46.428247762,1.782636624999995,11.178247761999998,1.782636624999995,6,2426.791044125,0,161,0,86,0,0.7480161000275984,91.12270000332501,813010101,queue,short_context,IE_ROLLING_JOINT_ACTUAL_PREFIX_GUARD_WAIT025_V2,development/4/IE_ROLLING_JOINT_ACTUAL_PREFIX_GUARD_WAIT025_V2,0.8166273000097135,,,,,,,,9,0
24,24,0,6,18,0,3,21,508.942435,3839.178245277778,7182.263376,141.88086550928682,True,30.48343256084749,30.48343256084749,16.376422076579587,,,46.203587751,1.8753170769999983,11.203587751,1.8753170769999983,6,2427.2797995416668,0,160,0,87,24,0.00605879993236158,0.1331000094069168,813010101,queue,long_context,BAND_HEFT_WHOLE_REQUEST_ADAPT_V1,development/5/BAND_HEFT_WHOLE_REQUEST_ADAPT_V1,0.04063220000534784,0,0,0,,,,,,
24,24,0,6,18,0,3,21,508.942435,3839.178245277778,7182.263376,141.88086550928682,True,30.48343256084749,30.48343256084749,16.376422076579587,,,46.203587751,1.8753170769999983,11.203587751,1.8753170769999983,6,2427.2797995416668,0,160,0,0,0,0.0020570000197039917,0.03949999518226832,813010101,queue,long_context,TRITON_RATE_OFF_FIXED_REQUEST_ADAPT_V1,development/5/TRITON_RATE_OFF_FIXED_REQUEST_ADAPT_V1,0.029022099988651462,0,0,0,,,,,,
24,24,0,6,18,0,3,21,508.942435,3839.178245277778,7182.263376,141.88086550928682,True,30.48343256084749,30.48343256084749,16.376422076579587,,,46.203587751,1.8753170769999983,11.203587751,1.8753170769999983,6,2427.2797995416668,0,160,0,87,0,0.37104360008379444,57.20389999623876,813010101,queue,long_context,IE_ROLLING_JOINT_THERMAL_PLAN4_NOWAIT_V1,development/5/IE_ROLLING_JOINT_THERMAL_PLAN4_NOWAIT_V1,0.42329840001184493,,,264,24,0,66,42,,
24,24,0,6,18,0,3,21,508.942435,3853.0671341666666,7432.263376,141.88086550928682,True,30.46473941514458,30.46473941514458,16.363586085094603,,,46.453587751,1.8753170769999983,11.203587751,1.8753170769999983,6,2437.6964662083333,0,161,0,86,0,0.7083341998804826,71.00640000135172,813010101,queue,long_context,IE_ROLLING_JOINT_THERMAL_PLAN4_WAIT025_V1,development/5/IE_ROLLING_JOINT_THERMAL_PLAN4_WAIT025_V1,0.7781797000061488,,,603,25,9,273,85,,
24,24,0,6,18,0,3,21,508.942435,3853.0671341666666,7432.263376,141.88086550928682,True,30.46473941514458,30.46473941514458,16.363586085094603,,,46.453587751,1.8753170769999983,11.203587751,1.8753170769999983,6,2437.6964662083333,0,161,0,86,0,0.71981170012441,88.42139999615029,813010101,queue,long_context,IE_ROLLING_JOINT_ACTUAL_PREFIX_GUARD_WAIT025_V2,development/5/IE_ROLLING_JOINT_ACTUAL_PREFIX_GUARD_WAIT025_V2,0.7852517000137595,,,,,,,,9,0
24,24,0,6,18,0,1,23,359.893655,3560.0075872222224,6347.617926,141.86397540774033,True,30.47705476713066,30.47705476713066,16.209319541726018,,,46.191264107,1.8289768499999894,11.191264107000002,1.8289768499999894,6,2210.7311251666665,0,160,0,84,24,0.004223600000841543,0.07650000043213367,813010101,burst,mean,BAND_HEFT_WHOLE_REQUEST_ADAPT_V1,development/6/BAND_HEFT_WHOLE_REQUEST_ADAPT_V1,0.03307700000004843,0,0,0,,,,,,
24,24,0,6,18,0,1,23,359.893655,3560.0075872222224,6347.617926,141.86397540774033,True,30.47705476713066,30.47705476713066,16.209319541726018,,,46.191264107,1.8289768499999894,11.191264107000002,1.8289768499999894,6,2210.7311251666665,0,160,0,0,0,0.0019824999471893534,0.06019999273121357,813010101,burst,mean,TRITON_RATE_OFF_FIXED_REQUEST_ADAPT_V1,development/6/TRITON_RATE_OFF_FIXED_REQUEST_ADAPT_V1,0.02420189999975264,0,0,0,,,,,,
24,24,0,6,18,0,1,23,359.893655,3560.0075872222224,6347.617926,141.86397540774033,True,30.47705476713066,30.47705476713066,16.209319541726018,,,46.191264107,1.8289768499999894,11.191264107000002,1.8289768499999894,6,2210.7311251666665,0,160,0,84,0,0.33235500000591855,52.25560000690166,813010101,burst,mean,IE_ROLLING_JOINT_THERMAL_PLAN4_NOWAIT_V1,development/6/IE_ROLLING_JOINT_THERMAL_PLAN4_NOWAIT_V1,0.38508890000230167,,,280,24,0,73,45,,
24,24,0,6,18,0,1,23,359.893655,3573.896476111111,6597.617926,141.86397540774033,True,30.457164747013927,30.457164747013927,16.196421080594952,,,46.441264107,1.8289768499999894,11.191264107000002,1.8289768499999894,6,2221.1477918333335,0,161,0,81,0,0.6144725999620277,114.22009998932481,813010101,burst,mean,IE_ROLLING_JOINT_THERMAL_PLAN4_WAIT025_V1,development/6/IE_ROLLING_JOINT_THERMAL_PLAN4_WAIT025_V1,0.6685302000114461,,,645,25,9,300,90,,
24,24,0,6,18,0,1,23,359.893655,3573.896476111111,6597.617926,141.86397540774033,True,30.457164747013927,30.457164747013927,16.196421080594952,,,46.441264107,1.8289768499999894,11.191264107000002,1.8289768499999894,6,2221.1477918333335,0,161,0,81,0,0.646505399941816,73.94390000263229,813010101,burst,mean,IE_ROLLING_JOINT_ACTUAL_PREFIX_GUARD_WAIT025_V2,development/6/IE_ROLLING_JOINT_ACTUAL_PREFIX_GUARD_WAIT025_V2,0.7030118999973638,,,,,,,,9,0
24,24,0,6,18,0,1,23,344.72413,3553.1804482222224,6334.644179,141.84659146188358,True,30.473325073429145,30.473325073429145,16.070171997253098,,,46.178247762,1.7826366239999842,11.178247761999998,1.7826366239999842,6,2205.47755525,0,160,0,86,24,0.008736599935218692,0.2533999941078946,813010101,burst,short_context,BAND_HEFT_WHOLE_REQUEST_ADAPT_V1,development/7/BAND_HEFT_WHOLE_REQUEST_ADAPT_V1,0.05191219999687746,0,0,0,,,,,,
24,24,0,6,18,0,1,23,344.72413,3553.1804482222224,6334.644179,141.84659146188358,True,30.473325073429145,30.473325073429145,16.070171997253098,,,46.178247762,1.7826366239999842,11.178247761999998,1.7826366239999842,6,2205.47755525,0,160,0,0,0,0.0037147000257391483,0.10040000779554248,813010101,burst,short_context,TRITON_RATE_OFF_FIXED_REQUEST_ADAPT_V1,development/7/TRITON_RATE_OFF_FIXED_REQUEST_ADAPT_V1,0.04635960000450723,0,0,0,,,,,,
24,24,0,6,18,0,1,23,344.72413,3553.1804482222224,6334.644179,141.84659146188358,True,30.473325073429145,30.473325073429145,16.070171997253098,,,46.178247762,1.7826366239999842,11.178247761999998,1.7826366239999842,6,2205.47755525,0,160,0,86,0,0.29105219995835796,48.298800000338815,813010101,burst,short_context,IE_ROLLING_JOINT_THERMAL_PLAN4_NOWAIT_V1,development/7/IE_ROLLING_JOINT_THERMAL_PLAN4_NOWAIT_V1,0.3407576000026893,,,264,24,0,66,42,,
24,24,0,6,18,0,1,23,344.72413,3567.069337111111,6584.644179,141.84659146188358,True,30.45203683899336,30.45203683899336,16.057259763761287,,,46.428247762,1.7826366239999842,11.178247761999998,1.7826366239999842,6,2215.8942219166665,0,161,0,83,0,0.5285206000698963,59.51720000302885,813010101,burst,short_context,IE_ROLLING_JOINT_THERMAL_PLAN4_WAIT025_V1,development/7/IE_ROLLING_JOINT_THERMAL_PLAN4_WAIT025_V1,0.5680015999969328,,,609,25,9,273,87,,
24,24,0,6,18,0,1,23,344.72413,3567.069337111111,6584.644179,141.84659146188358,True,30.45203683899336,30.45203683899336,16.057259763761287,,,46.428247762,1.7826366239999842,11.178247761999998,1.7826366239999842,6,2215.8942219166665,0,161,0,83,0,0.5859228999761399,80.24090000253636,813010101,burst,short_context,IE_ROLLING_JOINT_ACTUAL_PREFIX_GUARD_WAIT025_V2,development/7/IE_ROLLING_JOINT_ACTUAL_PREFIX_GUARD_WAIT025_V2,0.6520175999903586,,,,,,,,9,0
24,24,0,6,18,0,1,23,375.06318,3566.507326388889,6359.937163,141.8808655094617,True,30.48078668806214,30.48078668806214,16.347004500382937,,,46.203587751,1.8753170779999806,11.203587751,1.8753170779999806,6,2215.739363041667,0,160,0,84,24,0.005689100013114512,0.21399999968707561,813010101,burst,long_context,BAND_HEFT_WHOLE_REQUEST_ADAPT_V1,development/8/BAND_HEFT_WHOLE_REQUEST_ADAPT_V1,0.033419200000935234,0,0,0,,,,,,
24,24,0,6,18,0,1,23,375.06318,3566.507326388889,6359.937163,141.8808655094617,True,30.48078668806214,30.48078668806214,16.347004500382937,,,46.203587751,1.8753170779999806,11.203587751,1.8753170779999806,6,2215.739363041667,0,160,0,0,0,0.002363699968555011,0.04850000550504774,813010101,burst,long_context,TRITON_RATE_OFF_FIXED_REQUEST_ADAPT_V1,development/8/TRITON_RATE_OFF_FIXED_REQUEST_ADAPT_V1,0.0358981000026688,0,0,0,,,,,,
24,24,0,6,18,0,1,23,375.06318,3566.507326388889,6359.937163,141.8808655094617,True,30.48078668806214,30.48078668806214,16.347004500382937,,,46.203587751,1.8753170779999806,11.203587751,1.8753170779999806,6,2215.739363041667,0,160,0,84,0,0.2518175000004703,31.216500006848946,813010101,burst,long_context,IE_ROLLING_JOINT_THERMAL_PLAN4_NOWAIT_V1,development/8/IE_ROLLING_JOINT_THERMAL_PLAN4_NOWAIT_V1,0.30100529998890124,,,256,22,0,64,40,,
24,24,0,6,18,0,1,23,375.06318,3580.3962152777776,6609.937163,141.8808655094617,True,30.46221232508645,30.46221232508645,16.33416850889795,,,46.453587751,1.8753170779999806,11.203587751,1.8753170779999806,6,2226.1560297083333,0,161,0,81,0,0.5771100999991177,89.29769998940174,813010101,burst,long_context,IE_ROLLING_JOINT_THERMAL_PLAN4_WAIT025_V1,development/8/IE_ROLLING_JOINT_THERMAL_PLAN4_WAIT025_V1,0.6280951000080677,,,584,23,8,263,82,,
24,24,0,6,18,0,1,23,375.06318,3580.3962152777776,6609.937163,141.8808655094617,True,30.46221232508645,30.46221232508645,16.33416850889795,,,46.453587751,1.8753170779999806,11.203587751,1.8753170779999806,6,2226.1560297083333,0,161,0,81,0,0.4793762999906903,76.94569999875966,813010101,burst,long_context,IE_ROLLING_JOINT_ACTUAL_PREFIX_GUARD_WAIT025_V2,development/8/IE_ROLLING_JOINT_ACTUAL_PREFIX_GUARD_WAIT025_V2,0.5326620000123512,,,,,,,,8,0
192,192,0,96,96,0,0,192,294.054635,901.5603784583334,1503.995077,183.17672647510156,True,32.33000608439478,32.33000608439478,187.77807753715425,,,112.059392844,17.479461214000047,65.138879016,19.204256925000045,63,142.20422622916666,0,573,0,289,192,0.011793599900556728,0.15700000221841037,813010101,sustained,mean,BAND_HEFT_WHOLE_REQUEST_ADAPT_V1,development/9/BAND_HEFT_WHOLE_REQUEST_ADAPT_V1,0.15142160000687,0,0,0,,,,,,
192,192,0,96,96,0,0,192,294.054635,901.5603784583334,1503.995077,184.680900825428,True,32.39870726585342,32.39870726585342,198.72250022701547,,,112.059392844,17.702134861000054,59.686741911999995,29.2636296,96,141.04446765104166,0,553,0,0,0,0.012014300111331977,0.17630000365898013,813010101,sustained,mean,TRITON_RATE_OFF_FIXED_REQUEST_ADAPT_V1,development/9/TRITON_RATE_OFF_FIXED_REQUEST_ADAPT_V1,0.1759468999953242,0,0,0,,,,,,
192,192,0,96,96,0,0,192,294.054635,901.5603784583334,1503.995077,183.17672647510156,True,32.33046334872153,32.33046334872153,187.75163046999205,,,112.059392844,17.479461214000032,65.138879016,19.20425692500003,63,146.25003061979166,0,582,0,286,0,0.8310989997116849,82.42999999492895,813010101,sustained,mean,IE_ROLLING_JOINT_THERMAL_PLAN4_NOWAIT_V1,development/9/IE_ROLLING_JOINT_THERMAL_PLAN4_NOWAIT_V1,1.047013200004585,,,2181,215,3,387,383,,
192,192,0,96,96,0,0,192,516.898862,1336.1042335625,2519.307162,182.485246557818,True,32.419899990387044,32.419899990387044,197.1171638789029,,,112.836211238,21.716336583000093,63.156283705999975,22.862210626000092,75,374.8575559010417,0,839,0,308,0,1.8981786999065662,34.462999989045784,813010101,sustained,mean,IE_ROLLING_JOINT_THERMAL_PLAN4_WAIT025_V1,development/9/IE_ROLLING_JOINT_THERMAL_PLAN4_WAIT025_V1,2.1382081999909133,,,4591,266,113,1462,777,,
192,192,0,96,96,0,0,192,598.88411,1333.5000668958332,2424.020178,182.51447652744847,True,32.418447990980155,32.418447990980155,196.96522298299107,,,112.586211238,21.618248904000055,63.15628370599999,22.862210626000042,75,374.47350390625,0,834,0,313,0,2.0949722998630023,45.54479999933392,813010101,sustained,mean,IE_ROLLING_JOINT_ACTUAL_PREFIX_GUARD_WAIT025_V2,development/9/IE_ROLLING_JOINT_ACTUAL_PREFIX_GUARD_WAIT025_V2,2.340187399997376,,,,,,,,112,7
192,192,0,96,96,0,0,192,286.608481,898.9364344270833,1500.422024,182.99609122059877,True,32.3130008170989,32.3130008170989,186.59734793784935,,,112.055054062,17.14741615300006,65.06945851499998,18.717684552000065,63,141.18732425,0,572,0,289,192,0.011302000100840814,0.09139999747276306,813010101,sustained,short_context,BAND_HEFT_WHOLE_REQUEST_ADAPT_V1,development/10/BAND_HEFT_WHOLE_REQUEST_ADAPT_V1,0.16805100000055972,0,0,0,,,,,,
192,192,0,96,96,0,0,192,286.608481,898.9364344270833,1500.422024,184.38232684092898,True,32.37956954268015,32.37956954268015,197.23345460385042,,,112.055054062,17.361412235000074,59.61732140699997,28.522185984000096,96,140.07276132291668,0,552,0,0,0,0.009472899982938543,0.1176999940071255,813010101,sustained,short_context,TRITON_RATE_OFF_FIXED_REQUEST_ADAPT_V1,development/10/TRITON_RATE_OFF_FIXED_REQUEST_ADAPT_V1,0.1612893000128679,0,0,0,,,,,,
192,192,0,96,96,0,0,192,286.608481,898.9364344270833,1500.422024,182.99609122059877,True,32.31343647435447,32.31343647435447,186.57099254401294,,,112.055054062,17.147416153000044,65.06945851499998,18.71768455200005,63,145.15147340625,0,581,0,286,0,0.694793099843082,13.429200000246055,813010101,sustained,short_context,IE_ROLLING_JOINT_THERMAL_PLAN4_NOWAIT_V1,development/10/IE_ROLLING_JOINT_THERMAL_PLAN4_NOWAIT_V1,0.9150967000023229,,,2181,215,3,387,383,,
192,192,0,96,96,0,0,192,494.005966,1339.3093000208332,2517.18037,182.26593915326703,True,32.405180777373,32.405180777373,196.32915002443622,,,112.834041847,21.514441861000087,62.921646925999966,22.5800639060001,76,376.1688330989583,0,831,0,308,0,1.9335165000375127,46.6253000049619,813010101,sustained,short_context,IE_ROLLING_JOINT_THERMAL_PLAN4_WAIT025_V1,development/10/IE_ROLLING_JOINT_THERMAL_PLAN4_WAIT025_V1,2.2009566000051564,,,4562,263,114,1451,774,,
192,192,0,96,96,0,0,192,583.714585,1336.7051333541667,2422.616516,182.2904193832441,True,32.40171793862267,32.40171793862267,196.19757570140501,,,112.584041847,21.43229299100009,62.92164692699997,22.580063904000106,76,375.90153652083336,0,834,0,311,0,2.0620047997654183,38.31039999204222,813010101,sustained,short_context,IE_ROLLING_JOINT_ACTUAL_PREFIX_GUARD_WAIT025_V2,development/10/IE_ROLLING_JOINT_ACTUAL_PREFIX_GUARD_WAIT025_V2,2.2914644999982556,,,,,,,,113,7
192,192,0,96,96,0,0,192,301.500789,904.080607875,1511.669596,183.35546184422645,True,32.346420572043684,32.346420572043684,188.94556892529334,,,112.063500725,17.809043338000023,65.20460511399997,19.69082929800004,63,143.167010828125,0,574,0,289,192,0.00791369991202373,0.04749999789055437,813010101,sustained,long_context,BAND_HEFT_WHOLE_REQUEST_ADAPT_V1,development/11/BAND_HEFT_WHOLE_REQUEST_ADAPT_V1,0.12426419999974314,0,0,0,,,,,,
192,192,0,96,96,0,0,192,301.500789,904.080607875,1511.669596,184.97771253701652,True,32.41831714340844,32.41831714340844,200.19777434373333,,,112.063500725,18.03993274500005,59.752468005999994,30.005073216,96,141.96446183333333,0,554,0,0,0,0.006137399876024574,0.04469999112188816,813010101,sustained,long_context,TRITON_RATE_OFF_FIXED_REQUEST_ADAPT_V1,development/11/TRITON_RATE_OFF_FIXED_REQUEST_ADAPT_V1,0.1376823000027798,0,0,0,,,,,,
192,192,0,96,96,0,0,192,301.500789,904.080607875,1511.669596,183.3554618445762,True,32.346899692629236,32.346899692629236,188.91906510876413,,,112.063500725,17.809043340000002,65.20460511399997,19.69082930000002,63,147.29226565625,0,582,0,282,0,0.7956612000416499,43.261200000415556,813010101,sustained,long_context,IE_ROLLING_JOINT_THERMAL_PLAN4_NOWAIT_V1,development/11/IE_ROLLING_JOINT_THERMAL_PLAN4_NOWAIT_V1,1.0305017000064254,,,2125,207,3,373,369,,
192,192,0,96,96,0,0,192,539.791758,1321.2400882708334,2521.356697,182.72259159514837,True,32.44621480021109,32.44621480021109,198.33839089997255,,,112.838265178,21.996312629000066,63.22200980199999,23.441463453000054,75,366.36516971875,0,821,0,298,0,1.9895837999793002,59.450100001413375,813010101,sustained,long_context,IE_ROLLING_JOINT_THERMAL_PLAN4_WAIT025_V1,development/11/IE_ROLLING_JOINT_THERMAL_PLAN4_WAIT025_V1,2.237641400002758,,,4360,248,106,1408,732,,
192,192,0,96,96,0,0,192,614.053635,1318.6359216041667,2425.385066,182.75588611192134,True,32.44129914113257,32.44129914113257,198.18626566732138,,,112.588265178,21.884585456000046,63.222009801999974,23.44146345300004,75,365.803821796875,0,817,0,308,0,2.0466859001026023,46.84619999898132,813010101,sustained,long_context,IE_ROLLING_JOINT_ACTUAL_PREFIX_GUARD_WAIT025_V2,development/11/IE_ROLLING_JOINT_ACTUAL_PREFIX_GUARD_WAIT025_V2,2.304167000009329,,,,,,,,105,8
24,24,0,6,18,0,0,24,156.179931,619.471443,619.471443,142.1234565091536,True,30.212511853833504,30.212511853833504,13.939212392723608,,,63.253254313,0,12.182561766000028,0,0,0.0,0,24,0,0,24,0.0005533999501494691,0.03689998993650079,813010102,low,mean,BAND_HEFT_WHOLE_REQUEST_ADAPT_V1,development/12/BAND_HEFT_WHOLE_REQUEST_ADAPT_V1,0.02552649998688139,0,0,0,,,,,,
24,24,0,6,18,0,0,24,294.054635,619.471443,619.471443,142.40900755178924,True,30.250338956460993,30.250338956460993,15.510323712230566,,,63.253254313,0,11.191264110000027,1.8289768499999965,6,0.0,0,24,0,0,0,0.0013460999907692894,0.0737999944249168,813010102,low,mean,TRITON_RATE_OFF_FIXED_REQUEST_ADAPT_V1,development/12/TRITON_RATE_OFF_FIXED_REQUEST_ADAPT_V1,0.0385212999972282,0,0,0,,,,,,
24,24,0,6,18,0,0,24,156.179931,619.471443,619.471443,142.1234565091536,True,30.212511853833504,30.212511853833504,13.939212392723608,,,63.253254313,0,12.182561766000028,0,0,0.0,0,24,0,0,0,0.03936080003040843,4.074999989825301,813010102,low,mean,IE_ROLLING_JOINT_THERMAL_PLAN4_NOWAIT_V1,development/12/IE_ROLLING_JOINT_THERMAL_PLAN4_NOWAIT_V1,0.09513200000219513,,,192,24,0,30,30,,
24,24,0,6,18,0,0,24,156.179931,661.1381096666667,869.471443,142.1234565091536,True,30.208064080106922,30.208064080106922,13.959721424538422,,,63.253254313,0,12.182561766000028,0,0,31.25,0,27,0,0,0,0.0514246999664465,3.6426999868126586,813010102,low,mean,IE_ROLLING_JOINT_THERMAL_PLAN4_WAIT025_V1,development/12/IE_ROLLING_JOINT_THERMAL_PLAN4_WAIT025_V1,0.10618770000291988,,,285,27,3,51,51,,
24,24,0,6,18,0,0,24,156.179931,661.1381096666667,869.471443,142.1234565091536,True,30.208064080106922,30.208064080106922,13.959721424538422,,,63.253254313,0,12.182561766000028,0,0,31.25,0,27,0,0,0,0.053077799995662645,4.9488000076962635,813010102,low,mean,IE_ROLLING_JOINT_ACTUAL_PREFIX_GUARD_WAIT025_V2,development/12/IE_ROLLING_JOINT_ACTUAL_PREFIX_GUARD_WAIT025_V2,0.11789519999001641,,,,,,,,3,0
24,24,0,6,18,0,0,24,156.179931,618.790912,618.790912,142.11417682321965,True,30.21155622378925,30.21155622378925,13.907479618224372,,,63.252531183,0,12.169545426000013,0,0,0.0,0,24,0,0,24,0.0005945000011706725,0.06179999036248773,813010102,low,short_context,BAND_HEFT_WHOLE_REQUEST_ADAPT_V1,development/13/BAND_HEFT_WHOLE_REQUEST_ADAPT_V1,0.03735020000021905,0,0,0,,,,,,
24,24,0,6,18,0,0,24,286.608481,618.790912,618.790912,142.37781429713024,True,30.24819179314347,30.24819179314347,15.433080212037524,,,63.252531183,0,11.178247770000013,1.7826366240000056,6,0.0,0,24,0,0,0,0.0012550000101327896,0.08000001253094524,813010102,low,short_context,TRITON_RATE_OFF_FIXED_REQUEST_ADAPT_V1,development/13/TRITON_RATE_OFF_FIXED_REQUEST_ADAPT_V1,0.09949730000516865,0,0,0,,,,,,
24,24,0,6,18,0,0,24,156.179931,618.790912,618.790912,142.11417682321965,True,30.21155622378925,30.21155622378925,13.907479618224372,,,63.252531183,0,12.169545426000013,0,0,0.0,0,24,0,0,0,0.049010800023097545,3.951599996071309,813010102,low,short_context,IE_ROLLING_JOINT_THERMAL_PLAN4_NOWAIT_V1,development/13/IE_ROLLING_JOINT_THERMAL_PLAN4_NOWAIT_V1,0.10434289999830071,,,192,24,0,30,30,,
24,24,0,6,18,0,0,24,156.179931,660.4575786666667,868.790912,142.11417682321965,True,30.20714216354994,30.20714216354994,13.928193265861974,,,63.252531183,0,12.169545426000013,0,0,31.25,0,27,0,0,0,0.07856289997289423,4.11369999346789,813010102,low,short_context,IE_ROLLING_JOINT_THERMAL_PLAN4_WAIT025_V1,development/13/IE_ROLLING_JOINT_THERMAL_PLAN4_WAIT025_V1,0.1415532999963034,,,285,27,3,51,51,,
24,24,0,6,18,0,0,24,156.179931,660.4575786666667,868.790912,142.11417682321965,True,30.20714216354994,30.20714216354994,13.928193265861974,,,63.252531183,0,12.169545426000013,0,0,31.25,0,27,0,0,0,0.07821449999755714,5.177800005185418,813010102,low,short_context,IE_ROLLING_JOINT_ACTUAL_PREFIX_GUARD_WAIT025_V2,development/13/IE_ROLLING_JOINT_ACTUAL_PREFIX_GUARD_WAIT025_V2,0.15341100000659935,,,,,,,,3,0
24,24,0,6,18,0,0,24,156.179931,620.151684,620.151684,142.13224235559284,True,30.213416657114614,30.213416657114614,13.969257407170566,,,63.25393896,0,12.194885412000026,0,0,0.0,0,24,0,0,24,0.0010870999685721472,0.06450001092161983,813010102,low,long_context,BAND_HEFT_WHOLE_REQUEST_ADAPT_V1,development/14/BAND_HEFT_WHOLE_REQUEST_ADAPT_V1,0.048945399990770966,0,0,0,,,,,,
24,24,0,6,18,0,0,24,301.500789,620.151684,620.151684,142.4397069669535,True,30.25243763486426,30.25243763486426,15.58586566662921,,,63.25393896,0,11.203587756000026,1.8753170759999946,6,0.0,0,24,0,0,0,0.0013462999777402729,0.08250000246334821,813010102,low,long_context,TRITON_RATE_OFF_FIXED_REQUEST_ADAPT_V1,development/14/TRITON_RATE_OFF_FIXED_REQUEST_ADAPT_V1,0.033274000001256354,0,0,0,,,,,,
24,24,0,6,18,0,0,24,156.179931,620.151684,620.151684,142.13224235559284,True,30.213416657114614,30.213416657114614,13.969257407170566,,,63.25393896,0,12.194885412000026,0,0,0.0,0,24,0,0,0,0.035937900000135414,2.685100000235252,813010102,low,long_context,IE_ROLLING_JOINT_THERMAL_PLAN4_NOWAIT_V1,development/14/IE_ROLLING_JOINT_THERMAL_PLAN4_NOWAIT_V1,0.07987380000122357,,,192,24,0,30,30,,
24,24,0,6,18,0,0,24,156.179931,661.8183506666667,870.151684,142.13224235559284,True,30.208936963008274,30.208936963008274,13.989572705992643,,,63.25393896,0,12.194885412000026,0,0,31.25,0,27,0,0,0,0.07436829998914618,3.914700006134808,813010102,low,long_context,IE_ROLLING_JOINT_THERMAL_PLAN4_WAIT025_V1,development/14/IE_ROLLING_JOINT_THERMAL_PLAN4_WAIT025_V1,0.11977009999100119,,,285,27,3,51,51,,
24,24,0,6,18,0,0,24,156.179931,661.8183506666667,870.151684,142.13224235559284,True,30.208936963008274,30.208936963008274,13.989572705992643,,,63.25393896,0,12.194885412000026,0,0,31.25,0,27,0,0,0,0.05671840008290019,5.573500005993992,813010102,low,long_context,IE_ROLLING_JOINT_ACTUAL_PREFIX_GUARD_WAIT025_V2,development/14/IE_ROLLING_JOINT_ACTUAL_PREFIX_GUARD_WAIT025_V2,0.11921259999508038,,,,,,,,3,0
24,24,0,6,18,0,3,21,408.311101,3805.760735944444,6559.270272,141.86397540774033,True,30.47871489652945,30.47871489652945,16.264781946804856,,,46.191264107,1.8289768499999894,11.191264107000002,1.8289768499999894,6,2394.477655583333,0,158,0,90,24,0.005095500047900714,0.13130001025274396,813010102,queue,mean,BAND_HEFT_WHOLE_REQUEST_ADAPT_V1,development/15/BAND_HEFT_WHOLE_REQUEST_ADAPT_V1,0.0373983000026783,0,0,0,,,,,,
24,24,0,6,18,0,3,21,408.311101,3805.760735944444,6559.270272,141.86397540774033,True,30.47871489652945,30.47871489652945,16.264781946804856,,,46.191264107,1.8289768499999894,11.191264107000002,1.8289768499999894,6,2394.477655583333,0,158,0,0,0,0.0024506001063855365,0.08800000068731606,813010102,queue,mean,TRITON_RATE_OFF_FIXED_REQUEST_ADAPT_V1,development/15/TRITON_RATE_OFF_FIXED_REQUEST_ADAPT_V1,0.028791499993531033,0,0,0,,,,,,
24,24,0,6,18,0,3,21,408.311101,3805.760735944444,6559.270272,141.86397540774033,True,30.47871489652945,30.47871489652945,16.264781946804856,,,46.191264107,1.8289768499999894,11.191264107000002,1.8289768499999894,6,2394.477655583333,0,158,0,90,0,0.39684340012900066,50.90380000183359,813010102,queue,mean,IE_ROLLING_JOINT_THERMAL_PLAN4_NOWAIT_V1,development/15/IE_ROLLING_JOINT_THERMAL_PLAN4_NOWAIT_V1,0.46010140000726096,,,252,24,0,60,40,,
24,24,0,6,18,0,3,21,408.311101,3819.6496248333333,6809.270272,141.86397540774033,True,30.45875034724464,30.45875034724464,16.251932815563492,,,46.441264107,1.8289768499999894,11.191264107000002,1.8289768499999894,6,2404.89432225,0,159,0,89,0,0.6917369999573566,72.43379999999888,813010102,queue,mean,IE_ROLLING_JOINT_THERMAL_PLAN4_WAIT025_V1,development/15/IE_ROLLING_JOINT_THERMAL_PLAN4_WAIT025_V1,0.7452205000008689,,,563,25,9,242,82,,
24,24,0,6,18,0,3,21,408.311101,3819.6496248333333,6809.270272,141.86397540774033,True,30.45875034724464,30.45875034724464,16.251932815563492,,,46.441264107,1.8289768499999894,11.191264107000002,1.8289768499999894,6,2404.89432225,0,159,0,89,0,0.6877054999931715,89.70909999334253,813010102,queue,mean,IE_ROLLING_JOINT_ACTUAL_PREFIX_GUARD_WAIT025_V2,development/15/IE_ROLLING_JOINT_ACTUAL_PREFIX_GUARD_WAIT025_V2,0.7601025999902049,,,,,,,,9,0
24,24,0,6,18,0,3,21,393.141576,3798.9335969444446,6546.296525,141.84659146188358,True,30.47495099495884,30.47495099495884,16.122818488837833,,,46.178247762,1.7826366239999913,11.178247761999998,1.7826366239999913,6,2389.5458927916666,0,158,0,90,24,0.0053197999513940886,0.10840001050382853,813010102,queue,short_context,BAND_HEFT_WHOLE_REQUEST_ADAPT_V1,development/16/BAND_HEFT_WHOLE_REQUEST_ADAPT_V1,0.03487129999848548,0,0,0,,,,,,
24,24,0,6,18,0,3,21,393.141576,3798.9335969444446,6546.296525,141.84659146188358,True,30.47495099495884,30.47495099495884,16.122818488837833,,,46.178247762,1.7826366239999913,11.178247761999998,1.7826366239999913,6,2389.5458927916666,0,158,0,0,0,0.004037700069602579,0.09800000407267362,813010102,queue,short_context,TRITON_RATE_OFF_FIXED_REQUEST_ADAPT_V1,development/16/TRITON_RATE_OFF_FIXED_REQUEST_ADAPT_V1,0.04664780000166502,0,0,0,,,,,,
24,24,0,6,18,0,3,21,393.141576,3798.9335969444446,6546.296525,141.84659146188358,True,30.47495099495884,30.47495099495884,16.122818488837833,,,46.178247762,1.7826366239999913,11.178247761999998,1.7826366239999913,6,2389.5458927916666,0,158,0,90,0,0.44106169998121914,63.39450000086799,813010102,queue,short_context,IE_ROLLING_JOINT_THERMAL_PLAN4_NOWAIT_V1,development/16/IE_ROLLING_JOINT_THERMAL_PLAN4_NOWAIT_V1,0.5083411999949021,,,252,24,0,60,40,,
24,24,0,6,18,0,3,21,393.141576,3812.8224858333333,6796.296525,141.84659146188358,True,30.453589767069023,30.453589767069023,16.10990625534601,,,46.428247762,1.7826366239999913,11.178247761999998,1.7826366239999913,6,2399.962559458333,0,159,0,89,0,0.7260863000556128,82.70179999817628,813010102,queue,short_context,IE_ROLLING_JOINT_THERMAL_PLAN4_WAIT025_V1,development/16/IE_ROLLING_JOINT_THERMAL_PLAN4_WAIT025_V1,0.784638700002688,,,563,25,9,242,82,,
24,24,0,6,18,0,3,21,393.141576,3812.8224858333333,6796.296525,141.84659146188358,True,30.453589767069023,30.453589767069023,16.10990625534601,,,46.428247762,1.7826366239999913,11.178247761999998,1.7826366239999913,6,2399.962559458333,0,159,0,89,0,0.7398854999482865,69.99299999733921,813010102,queue,short_context,IE_ROLLING_JOINT_ACTUAL_PREFIX_GUARD_WAIT025_V2,development/16/IE_ROLLING_JOINT_ACTUAL_PREFIX_GUARD_WAIT025_V2,0.8213685000082478,,,,,,,,9,0
24,24,0,6,18,0,3,21,423.480626,3812.260475111111,6571.589509,141.88086550928682,True,30.48248061088614,30.48248061088614,16.40536098671404,,,46.203587751,1.875317076999984,11.203587751,1.875317076999984,6,2399.164086333333,0,158,0,90,24,0.006893900106661022,0.17080000543501228,813010102,queue,long_context,BAND_HEFT_WHOLE_REQUEST_ADAPT_V1,development/17/BAND_HEFT_WHOLE_REQUEST_ADAPT_V1,0.045155600004363805,0,0,0,,,,,,
24,24,0,6,18,0,3,21,423.480626,3812.260475111111,6571.589509,141.88086550928682,True,30.48248061088614,30.48248061088614,16.40536098671404,,,46.203587751,1.875317076999984,11.203587751,1.875317076999984,6,2399.164086333333,0,158,0,0,0,0.0036317999911261722,0.08650000381749123,813010102,queue,long_context,TRITON_RATE_OFF_FIXED_REQUEST_ADAPT_V1,development/17/TRITON_RATE_OFF_FIXED_REQUEST_ADAPT_V1,0.0463476000004448,0,0,0,,,,,,
24,24,0,6,18,0,3,21,423.480626,3812.260475111111,6571.589509,141.88086550928682,True,30.48248061088614,30.48248061088614,16.40536098671404,,,46.203587751,1.875317076999984,11.203587751,1.875317076999984,6,2399.164086333333,0,158,0,90,0,0.4266417002363596,54.880199997569434,813010102,queue,long_context,IE_ROLLING_JOINT_THERMAL_PLAN4_NOWAIT_V1,development/17/IE_ROLLING_JOINT_THERMAL_PLAN4_NOWAIT_V1,0.48257290000037756,,,252,24,0,60,40,,
24,24,0,6,18,0,3,21,423.480626,3826.149364,6821.589509,141.88086550928682,True,30.46383020163421,30.46383020163421,16.39252499522898,,,46.453587751,1.875317076999984,11.203587751,1.875317076999984,6,2409.580753,0,159,0,89,0,0.723028200052795,88.60820000700187,813010102,queue,long_context,IE_ROLLING_JOINT_THERMAL_PLAN4_WAIT025_V1,development/17/IE_ROLLING_JOINT_THERMAL_PLAN4_WAIT025_V1,0.7689966000034474,,,563,25,9,242,82,,
24,24,0,6,18,0,3,21,423.480626,3826.149364,6821.589509,141.88086550928682,True,30.46383020163421,30.46383020163421,16.39252499522898,,,46.453587751,1.875317076999984,11.203587751,1.875317076999984,6,2409.580753,0,159,0,89,0,0.7553396999865072,81.91739999165293,813010102,queue,long_context,IE_ROLLING_JOINT_ACTUAL_PREFIX_GUARD_WAIT025_V2,development/17/IE_ROLLING_JOINT_ACTUAL_PREFIX_GUARD_WAIT025_V2,0.8188914000056684,,,,,,,,9,0
24,24,0,6,18,0,1,23,520.024983,3342.6207631666666,6438.914159,141.86397540774033,True,30.47258702882554,30.47258702882554,16.104046092041884,,,46.191264107,1.8289768499999894,11.191264107000002,1.8289768499999894,6,2051.777421083333,0,160,0,89,24,0.0058956998254871,0.10210000618826598,813010102,burst,mean,BAND_HEFT_WHOLE_REQUEST_ADAPT_V1,development/18/BAND_HEFT_WHOLE_REQUEST_ADAPT_V1,0.0444841999997152,0,0,0,,,,,,
24,24,0,6,18,0,1,23,520.024983,3342.6207631666666,6438.914159,141.86397540774033,True,30.47258702882554,30.47258702882554,16.104046092041884,,,46.191264107,1.8289768499999894,11.191264107000002,1.8289768499999894,6,2051.777421083333,0,160,0,0,0,0.0025866999640129507,0.07350000669248402,813010102,burst,mean,TRITON_RATE_OFF_FIXED_REQUEST_ADAPT_V1,development/18/TRITON_RATE_OFF_FIXED_REQUEST_ADAPT_V1,0.04111199999169912,0,0,0,,,,,,
24,24,0,6,18,0,1,23,520.024983,3342.6207631666666,6438.914159,141.86397540774033,True,30.47258702882554,30.47258702882554,16.104046092041884,,,46.191264107,1.8289768499999894,11.191264107000002,1.8289768499999894,6,2051.777421083333,0,160,0,89,0,0.3703036999213509,72.49739998951554,813010102,burst,mean,IE_ROLLING_JOINT_THERMAL_PLAN4_NOWAIT_V1,development/18/IE_ROLLING_JOINT_THERMAL_PLAN4_NOWAIT_V1,0.4329647999984445,,,256,24,0,58,42,,
24,24,0,6,18,0,1,23,520.024983,3356.5096520555553,6688.914159,141.86397540774033,True,30.45289758151915,30.45289758151915,16.091147630910747,,,46.441264107,1.8289768499999894,11.191264107000002,1.8289768499999894,6,2062.19408775,0,161,0,89,0,0.5697820999484975,68.23790000635199,813010102,burst,mean,IE_ROLLING_JOINT_THERMAL_PLAN4_WAIT025_V1,development/18/IE_ROLLING_JOINT_THERMAL_PLAN4_WAIT025_V1,0.6308639000053518,,,556,25,8,223,86,,
24,24,0,6,18,0,1,23,520.024983,3356.5096520555553,6688.914159,141.86397540774033,True,30.45289758151915,30.45289758151915,16.091147630910747,,,46.441264107,1.8289768499999894,11.191264107000002,1.8289768499999894,6,2062.19408775,0,161,0,89,0,0.6011309000023175,80.4954000050202,813010102,burst,mean,IE_ROLLING_JOINT_ACTUAL_PREFIX_GUARD_WAIT025_V2,development/18/IE_ROLLING_JOINT_ACTUAL_PREFIX_GUARD_WAIT025_V2,0.668087199999718,,,,,,,,8,0
24,24,0,6,18,0,1,23,504.855458,3335.7936241666666,6425.940412,141.84659146188358,True,30.468981006756415,30.468981006756415,15.966723197982752,,,46.178247762,1.7826366239999913,11.178247761999998,1.7826366239999913,6,2046.8456582916667,0,160,0,89,24,0.006373000185703859,0.13699999544769526,813010102,burst,short_context,BAND_HEFT_WHOLE_REQUEST_ADAPT_V1,development/19/BAND_HEFT_WHOLE_REQUEST_ADAPT_V1,0.04577630000130739,0,0,0,,,,,,
24,24,0,6,18,0,1,23,504.855458,3335.7936241666666,6425.940412,141.84659146188358,True,30.468981006756415,30.468981006756415,15.966723197982752,,,46.178247762,1.7826366239999913,11.178247761999998,1.7826366239999913,6,2046.8456582916667,0,160,0,0,0,0.0028421000170055777,0.0771999912103638,813010102,burst,short_context,TRITON_RATE_OFF_FIXED_REQUEST_ADAPT_V1,development/19/TRITON_RATE_OFF_FIXED_REQUEST_ADAPT_V1,0.03634240000974387,0,0,0,,,,,,
24,24,0,6,18,0,1,23,504.855458,3335.7936241666666,6425.940412,141.84659146188358,True,30.468981006756415,30.468981006756415,15.966723197982752,,,46.178247762,1.7826366239999913,11.178247761999998,1.7826366239999913,6,2046.8456582916667,0,160,0,89,0,0.38632640009745955,71.06279999425169,813010102,burst,short_context,IE_ROLLING_JOINT_THERMAL_PLAN4_NOWAIT_V1,development/19/IE_ROLLING_JOINT_THERMAL_PLAN4_NOWAIT_V1,0.445673700000043,,,256,24,0,58,42,,
24,24,0,6,18,0,1,23,504.855458,3349.6825130555553,6675.940412,141.84659146188358,True,30.44788779306746,30.44788779306746,15.953810964490906,,,46.428247762,1.7826366239999913,11.178247761999998,1.7826366239999913,6,2057.2623249583335,0,161,0,89,0,0.5619921998586506,107.43450000882149,813010102,burst,short_context,IE_ROLLING_JOINT_THERMAL_PLAN4_WAIT025_V1,development/19/IE_ROLLING_JOINT_THERMAL_PLAN4_WAIT025_V1,0.6196677000116324,,,556,25,8,223,86,,
24,24,0,6,18,0,1,23,504.855458,3349.6825130555553,6675.940412,141.84659146188358,True,30.44788779306746,30.44788779306746,15.953810964490906,,,46.428247762,1.7826366239999913,11.178247761999998,1.7826366239999913,6,2057.2623249583335,0,161,0,89,0,0.6150605999864638,79.17779999843333,813010102,burst,short_context,IE_ROLLING_JOINT_ACTUAL_PREFIX_GUARD_WAIT025_V2,development/19/IE_ROLLING_JOINT_ACTUAL_PREFIX_GUARD_WAIT025_V2,0.6901126000011573,,,,,,,,8,0
24,24,0,6,18,0,1,23,535.194508,3349.120502333333,6451.233396,141.88086550928682,True,30.476194726042287,30.476194726042287,16.239689112830263,,,46.203587751,1.875317076999984,11.203587751,1.875317076999984,6,2056.463851833333,0,160,0,89,24,0.006333600118523464,0.22519999765791,813010102,burst,long_context,BAND_HEFT_WHOLE_REQUEST_ADAPT_V1,development/20/BAND_HEFT_WHOLE_REQUEST_ADAPT_V1,0.039966199998161756,0,0,0,,,,,,
24,24,0,6,18,0,1,23,535.194508,3349.120502333333,6451.233396,141.88086550928682,True,30.476194726042287,30.476194726042287,16.239689112830263,,,46.203587751,1.875317076999984,11.203587751,1.875317076999984,6,2056.463851833333,0,160,0,0,0,0.002620199942612089,0.08040000102482736,813010102,burst,long_context,TRITON_RATE_OFF_FIXED_REQUEST_ADAPT_V1,development/20/TRITON_RATE_OFF_FIXED_REQUEST_ADAPT_V1,0.03646669999579899,0,0,0,,,,,,
24,24,0,6,18,0,1,23,535.194508,3349.120502333333,6451.233396,141.88086550928682,True,30.476194726042287,30.476194726042287,16.239689112830263,,,46.203587751,1.875317076999984,11.203587751,1.875317076999984,6,2056.463851833333,0,160,0,89,0,0.3474862000148278,58.24189999839291,813010102,burst,long_context,IE_ROLLING_JOINT_THERMAL_PLAN4_NOWAIT_V1,development/20/IE_ROLLING_JOINT_THERMAL_PLAN4_NOWAIT_V1,0.4062135000131093,,,256,24,0,58,42,,
24,24,0,6,18,0,1,23,535.194508,3363.0093912222223,6701.233396,141.88086550928682,True,30.45782651272542,30.45782651272542,16.226803709945198,,,46.453587751,1.875317076999984,11.203587751,1.875317076999984,6,2066.8805185,0,161,0,89,0,0.5596203999593854,83.46249999885913,813010102,burst,long_context,IE_ROLLING_JOINT_THERMAL_PLAN4_WAIT025_V1,development/20/IE_ROLLING_JOINT_THERMAL_PLAN4_WAIT025_V1,0.6115236999903573,,,556,25,8,223,86,,
24,24,0,6,18,0,1,23,535.194508,3363.0093912222223,6701.233396,141.88086550928682,True,30.45782651272542,30.45782651272542,16.226803709945198,,,46.453587751,1.875317076999984,11.203587751,1.875317076999984,6,2066.8805185,0,161,0,89,0,0.542317300074501,100.3095000050962,813010102,burst,long_context,IE_ROLLING_JOINT_ACTUAL_PREFIX_GUARD_WAIT025_V2,development/20/IE_ROLLING_JOINT_ACTUAL_PREFIX_GUARD_WAIT025_V2,0.603278099995805,,,,,,,,8,0
192,192,0,96,96,0,0,192,294.054635,856.334160125,1424.575553,183.31823882449746,True,32.34995323420033,32.34995323420033,187.2815919631229,,,112.110186422,17.004584979000036,65.13887901600002,19.20425692499999,63,122.52081494791666,0,538,0,271,192,0.010498400137294084,0.12179999612271786,813010102,sustained,mean,BAND_HEFT_WHOLE_REQUEST_ADAPT_V1,development/21/BAND_HEFT_WHOLE_REQUEST_ADAPT_V1,0.14653610000095796,0,0,0,,,,,,
192,192,0,96,96,0,0,192,294.054635,856.334160125,1424.575553,184.6547884893057,True,32.48337522226523,32.48337522226523,198.94104949411343,,,112.110186422,17.789760621000035,59.686741910000016,29.263629599999966,96,118.43135847916666,0,506,0,0,0,0.005481400061398745,0.04230000195093453,813010102,sustained,mean,TRITON_RATE_OFF_FIXED_REQUEST_ADAPT_V1,development/21/TRITON_RATE_OFF_FIXED_REQUEST_ADAPT_V1,0.1442181000020355,0,0,0,,,,,,
192,192,0,96,96,0,0,192,303.362101,856.334160125,1424.575553,183.31823882467233,True,32.350184031216415,32.350184031216415,187.26486390183126,,,112.110186422,17.004584980000025,65.13887901600002,19.204256925999978,63,125.95261265625,0,542,0,267,0,0.8252871002041502,13.514399994164705,813010102,sustained,mean,IE_ROLLING_JOINT_THERMAL_PLAN4_NOWAIT_V1,development/21/IE_ROLLING_JOINT_THERMAL_PLAN4_NOWAIT_V1,1.0578021999972407,,,2293,227,3,403,403,,
192,192,0,96,96,0,0,192,295.635882,1138.3071829583334,2031.447872,182.53304762023012,True,32.4744624993795,32.4744624993795,196.42764286031422,,,112.110186422,21.396224422999943,63.321499978999995,22.557381149999934,74,269.238699234375,0,743,0,319,0,1.3723764000023948,44.28800000459887,813010102,sustained,mean,IE_ROLLING_JOINT_THERMAL_PLAN4_WAIT025_V1,development/21/IE_ROLLING_JOINT_THERMAL_PLAN4_WAIT025_V1,1.6016365999967093,,,3618,258,64,915,643,,
192,192,0,96,96,0,0,192,295.635882,1138.3071829583334,2031.447872,182.53304762023012,True,32.4744624993795,32.4744624993795,196.42764286031422,,,112.110186422,21.396224422999943,63.321499978999995,22.557381149999934,74,269.238699234375,0,743,0,319,0,1.3825364003423601,56.83370000042487,813010102,sustained,mean,IE_ROLLING_JOINT_ACTUAL_PREFIX_GUARD_WAIT025_V2,development/21/IE_ROLLING_JOINT_ACTUAL_PREFIX_GUARD_WAIT025_V2,1.6192271000036271,,,,,,,,64,0
192,192,0,96,96,0,0,192,286.608481,854.3806181875,1417.386849,183.13056120198087,True,32.333589317788125,32.333589317788125,186.1255755253774,,,112.109463292,16.69617215699997,65.06945851599994,18.71768455199995,63,121.74872270833333,0,538,0,274,192,0.01334030000725761,0.08779999916441739,813010102,sustained,short_context,BAND_HEFT_WHOLE_REQUEST_ADAPT_V1,development/22/BAND_HEFT_WHOLE_REQUEST_ADAPT_V1,0.18319129999144934,0,0,0,,,,,,
192,192,0,96,96,0,0,192,286.608481,854.3806181875,1417.386849,184.35434393772613,True,32.46346330971381,32.46346330971381,197.45644250778173,,,112.109463292,17.455315106999997,59.61732140799999,28.52218598399996,96,117.79485317708334,0,506,0,0,0,0.005758299812441692,0.1432999997632578,813010102,sustained,short_context,TRITON_RATE_OFF_FIXED_REQUEST_ADAPT_V1,development/22/TRITON_RATE_OFF_FIXED_REQUEST_ADAPT_V1,0.09556000000156928,0,0,0,,,,,,
192,192,0,96,96,0,0,192,286.608481,854.3806181875,1417.386849,183.13056120198087,True,32.333797429383324,32.333797429383324,186.10904996393964,,,112.109463292,16.69617215699995,65.06945851599994,18.71768455199993,63,125.04662248958333,0,539,0,268,0,0.7938203000521753,13.631099995109253,813010102,sustained,short_context,IE_ROLLING_JOINT_THERMAL_PLAN4_NOWAIT_V1,development/22/IE_ROLLING_JOINT_THERMAL_PLAN4_NOWAIT_V1,1.0283873000007588,,,2293,227,3,403,403,,
192,192,0,96,96,0,0,192,286.608481,1142.1905392395834,2030.04421,182.2975604190769,True,32.51087788228947,32.51087788228947,196.2087366324257,,,112.109463292,21.40832964099993,62.92164692200001,22.58006390399992,76,270.57073865625,0,747,0,312,0,1.5209679998806678,41.64080000191461,813010102,sustained,short_context,IE_ROLLING_JOINT_THERMAL_PLAN4_WAIT025_V1,development/22/IE_ROLLING_JOINT_THERMAL_PLAN4_WAIT025_V1,1.8072881999978563,,,3641,257,70,926,648,,
192,192,0,96,96,0,0,192,286.608481,1142.1905392395834,2030.04421,182.2975604190769,True,32.51087788228947,32.51087788228947,196.2087366324257,,,112.109463292,21.40832964099993,62.92164692200001,22.58006390399992,76,270.57073865625,0,747,0,312,0,1.5431668000819627,45.04110000561923,813010102,sustained,short_context,IE_ROLLING_JOINT_ACTUAL_PREFIX_GUARD_WAIT025_V2,development/22/IE_ROLLING_JOINT_ACTUAL_PREFIX_GUARD_WAIT025_V2,1.8193611000024248,,,,,,,,70,0
192,192,0,96,96,0,0,192,301.500789,858.2196648125,1431.417616,183.50404050273275,True,32.366133794902886,32.366133794902886,188.42472292852068,,,112.110871069,17.310454538000037,65.20460511799999,19.690829298000068,63,123.25181807291666,0,535,0,270,192,0.015881200131843798,0.16239999968092889,813010102,sustained,long_context,BAND_HEFT_WHOLE_REQUEST_ADAPT_V1,development/23/BAND_HEFT_WHOLE_REQUEST_ADAPT_V1,0.1638063999998849,0,0,0,,,,,,
192,192,0,96,96,0,0,192,301.500789,858.2196648125,1431.417616,184.95376994301265,True,32.50308373419265,32.50308373419265,200.41104929665772,,,112.110871069,18.12027746600004,59.752468009999994,30.005073216000063,96,119.03399032291667,0,503,0,0,0,0.006179799805977382,0.08840000373311341,813010102,sustained,long_context,TRITON_RATE_OFF_FIXED_REQUEST_ADAPT_V1,development/23/TRITON_RATE_OFF_FIXED_REQUEST_ADAPT_V1,0.1078410000045551,0,0,0,,,,,,
192,192,0,96,96,0,0,192,321.270214,858.2196648125,1431.417616,183.50564024750986,True,32.366249242778274,32.366249242778274,188.4008960606957,,,112.110871069,17.305086239000026,65.20460511699997,19.69082930000007,63,126.83510141145834,0,543,0,264,0,0.7433129999262746,13.352899986784905,813010102,sustained,long_context,IE_ROLLING_JOINT_THERMAL_PLAN4_NOWAIT_V1,development/23/IE_ROLLING_JOINT_THERMAL_PLAN4_NOWAIT_V1,0.9873645000043325,,,2193,216,3,381,381,,
192,192,0,96,96,0,0,192,301.500789,1130.0257288333332,2032.81276,182.72281031580783,True,32.495659742251576,32.495659742251576,197.83453423183846,,,112.110871069,21.823617648000045,63.387226074999994,23.128910606000048,74,265.01631336979165,0,726,0,301,0,1.3642399001982994,41.45190000417642,813010102,sustained,long_context,IE_ROLLING_JOINT_THERMAL_PLAN4_WAIT025_V1,development/23/IE_ROLLING_JOINT_THERMAL_PLAN4_WAIT025_V1,1.6227667000057409,,,3474,244,60,885,611,,
192,192,0,96,96,0,0,192,301.500789,1130.0257288333332,2032.81276,182.72281031580783,True,32.495659742251576,32.495659742251576,197.83453423183846,,,112.110871069,21.823617648000045,63.387226074999994,23.128910606000048,74,265.01631336979165,0,726,0,301,0,1.5127493999461876,48.478099997737445,813010102,sustained,long_context,IE_ROLLING_JOINT_ACTUAL_PREFIX_GUARD_WAIT025_V2,development/23/IE_ROLLING_JOINT_ACTUAL_PREFIX_GUARD_WAIT025_V2,1.7595891999953892,,,,,,,,60,0
